{
 "cells": [
  {
   "cell_type": "code",
   "execution_count": 243,
   "metadata": {},
   "outputs": [],
   "source": [
    "import pandas as pd\n",
    "import matplotlib.pylab as plt\n",
    "# import torch as tr\n",
    "import numpy as np\n",
    "from sklearn.model_selection import train_test_split\n",
    "data = pd.read_csv('data/data_with_normed_revenue.csv')\n",
    "# rev = data['norm_revenue'].values\n",
    "# scale = 64 / (tr.min(rev) - tr.max(rev))  # 2^4 - 1 = 255\n",
    "# A_quantized = tr.round(rev * scale)\n",
    "# scale = 64/np.abs(rev).max()\n",
    "# n_rev = np.round(rev * scale).astype(np.int16)"
   ]
  },
  {
   "cell_type": "code",
   "execution_count": 214,
   "metadata": {},
   "outputs": [],
   "source": [
    "from talib import abstract"
   ]
  },
  {
   "cell_type": "code",
   "execution_count": 259,
   "metadata": {},
   "outputs": [],
   "source": [
    "class calculate_ta_indicators:\n",
    "    def __init__(self, data, fastperiod=12, slowperiod=26, signalperiod=9, rsi = 12, bollinger = 20, aroon_osc = 12):\n",
    "        self.data = data\n",
    "        macd = abstract.MACD(data, fastperiod=fastperiod, slowperiod=slowperiod, signalperiod=signalperiod)\n",
    "        rsi = pd.DataFrame({'rsi' : abstract.RSI(data, timeperiod=rsi)})\n",
    "        bollinger = abstract.BBANDS(data, timeperiod = bollinger)\n",
    "        aroon_osc = pd.DataFrame({'aroon_osc' : abstract.AROONOSC(data, n = aroon_osc)})\n",
    "        hammer = pd.DataFrame({'hammer' : abstract.CDLHAMMER(data)})\n",
    "        shooting_star = pd.DataFrame({'shooting_star' : abstract.CDLSHOOTINGSTAR(data)})\n",
    "        evening_star = pd.DataFrame({'evening_star' : abstract.CDLEVENINGSTAR(data)})\n",
    "        morning_star = pd.DataFrame({'morning_star' : abstract.CDLMORNINGSTAR(data)})\n",
    "        piersing = pd.DataFrame({'piersing' : abstract.CDLPIERCING(data)})\n",
    "        three_white_soldiers = pd.DataFrame({'three_white_soldiers' : abstract.CDL3WHITESOLDIERS(data)})\n",
    "        three_black_crowns = pd.DataFrame({'three_black_crowns' : abstract.CDL3BLACKCROWS(data)})\n",
    "        hanging_man = pd.DataFrame({'hanging_man' : abstract.CDLHANGINGMAN(data)})\n",
    "        dark_cloud_clover = pd.DataFrame({'dark_cloud_clover' : abstract.CDLDARKCLOUDCOVER(data)})\n",
    "        macd['time'] = data['time']\n",
    "        rsi['time'] = data['time']\n",
    "        bollinger['time'] = data['time']\n",
    "        aroon_osc['time'] = data['time']\n",
    "        hammer['time'] = data['time']\n",
    "        shooting_star['time'] = data['time']\n",
    "        evening_star['time'] = data['time']\n",
    "        morning_star['time'] = data['time']\n",
    "        piersing['time'] = data['time']\n",
    "        three_white_soldiers['time'] = data['time']\n",
    "        three_black_crowns['time'] = data['time']\n",
    "        hanging_man['time'] = data['time']\n",
    "        dark_cloud_clover['time'] = data['time']\n",
    "        self.atribute = {\n",
    "            'macd':macd,\n",
    "            'rsi':rsi,\n",
    "            'bollinger':bollinger,\n",
    "            'aroon_osc':aroon_osc,\n",
    "            'hammer':hammer,\n",
    "            'shooting_star':shooting_star,\n",
    "            'evening_star':evening_star,\n",
    "            'morning_star':morning_star,\n",
    "            'piersing':piersing,\n",
    "            'three_white_soldiers':three_white_soldiers,\n",
    "            'three_black_crowns':three_black_crowns,\n",
    "            'hanging_man':hanging_man,\n",
    "            'dark_cloud_clover':dark_cloud_clover}\n",
    "    def all_data(self):\n",
    "        data = pd.DataFrame(self.data['time'])\n",
    "        for k,i in self.atribute.items():\n",
    "            data = data.merge(i,on='time')\n",
    "        return data"
   ]
  },
  {
   "cell_type": "code",
   "execution_count": 260,
   "metadata": {},
   "outputs": [],
   "source": [
    "data['time'] = pd.to_datetime(data['time'])\n",
    "ind = calculate_ta_indicators(data)"
   ]
  },
  {
   "cell_type": "code",
   "execution_count": 261,
   "metadata": {},
   "outputs": [],
   "source": [
    "df = ind.all_data()"
   ]
  },
  {
   "cell_type": "code",
   "execution_count": 263,
   "metadata": {},
   "outputs": [],
   "source": [
    "data = data.merge(df,on='time')"
   ]
  },
  {
   "cell_type": "code",
   "execution_count": 267,
   "metadata": {},
   "outputs": [],
   "source": [
    "for k,i in data.corr(numeric_only=True)['class'].items():\n",
    "    if np.isnan(i):\n",
    "        data = data.drop(columns=k)"
   ]
  },
  {
   "cell_type": "code",
   "execution_count": 274,
   "metadata": {},
   "outputs": [
    {
     "data": {
      "text/plain": [
       "0       2023-01-01\n",
       "1       2023-01-01\n",
       "2       2023-01-01\n",
       "3       2023-01-01\n",
       "4       2023-01-01\n",
       "           ...    \n",
       "6985    2023-10-19\n",
       "6986    2023-10-19\n",
       "6987    2023-10-19\n",
       "6988    2023-10-19\n",
       "6989    2023-10-19\n",
       "Name: date, Length: 6990, dtype: object"
      ]
     },
     "execution_count": 274,
     "metadata": {},
     "output_type": "execute_result"
    }
   ],
   "source": [
    "data['date']"
   ]
  },
  {
   "cell_type": "code",
   "execution_count": 275,
   "metadata": {},
   "outputs": [
    {
     "data": {
      "text/html": [
       "<div>\n",
       "<style scoped>\n",
       "    .dataframe tbody tr th:only-of-type {\n",
       "        vertical-align: middle;\n",
       "    }\n",
       "\n",
       "    .dataframe tbody tr th {\n",
       "        vertical-align: top;\n",
       "    }\n",
       "\n",
       "    .dataframe thead th {\n",
       "        text-align: right;\n",
       "    }\n",
       "</style>\n",
       "<table border=\"1\" class=\"dataframe\">\n",
       "  <thead>\n",
       "    <tr style=\"text-align: right;\">\n",
       "      <th></th>\n",
       "      <th>open</th>\n",
       "      <th>high</th>\n",
       "      <th>low</th>\n",
       "      <th>close</th>\n",
       "      <th>volume</th>\n",
       "      <th>turnover</th>\n",
       "      <th>class</th>\n",
       "      <th>norm_revenue</th>\n",
       "      <th>macd</th>\n",
       "      <th>macdsignal</th>\n",
       "      <th>macdhist</th>\n",
       "      <th>rsi</th>\n",
       "      <th>upperband</th>\n",
       "      <th>middleband</th>\n",
       "      <th>lowerband</th>\n",
       "      <th>aroon_osc</th>\n",
       "      <th>hammer</th>\n",
       "      <th>three_white_soldiers</th>\n",
       "      <th>hanging_man</th>\n",
       "    </tr>\n",
       "  </thead>\n",
       "  <tbody>\n",
       "    <tr>\n",
       "      <th>open</th>\n",
       "      <td>1.000000</td>\n",
       "      <td>0.999500</td>\n",
       "      <td>0.999429</td>\n",
       "      <td>0.999324</td>\n",
       "      <td>0.036823</td>\n",
       "      <td>0.111600</td>\n",
       "      <td>-0.006377</td>\n",
       "      <td>0.014721</td>\n",
       "      <td>0.007058</td>\n",
       "      <td>0.011684</td>\n",
       "      <td>-0.014324</td>\n",
       "      <td>-0.064987</td>\n",
       "      <td>0.994281</td>\n",
       "      <td>0.996530</td>\n",
       "      <td>0.991171</td>\n",
       "      <td>-0.031202</td>\n",
       "      <td>-0.011140</td>\n",
       "      <td>0.022488</td>\n",
       "      <td>-0.025117</td>\n",
       "    </tr>\n",
       "    <tr>\n",
       "      <th>high</th>\n",
       "      <td>0.999500</td>\n",
       "      <td>1.000000</td>\n",
       "      <td>0.999000</td>\n",
       "      <td>0.999584</td>\n",
       "      <td>0.056007</td>\n",
       "      <td>0.130541</td>\n",
       "      <td>-0.015594</td>\n",
       "      <td>0.015985</td>\n",
       "      <td>0.012877</td>\n",
       "      <td>0.016196</td>\n",
       "      <td>-0.008870</td>\n",
       "      <td>-0.054179</td>\n",
       "      <td>0.994168</td>\n",
       "      <td>0.995751</td>\n",
       "      <td>0.989732</td>\n",
       "      <td>-0.025829</td>\n",
       "      <td>-0.014668</td>\n",
       "      <td>0.022590</td>\n",
       "      <td>-0.023211</td>\n",
       "    </tr>\n",
       "    <tr>\n",
       "      <th>low</th>\n",
       "      <td>0.999429</td>\n",
       "      <td>0.999000</td>\n",
       "      <td>1.000000</td>\n",
       "      <td>0.999570</td>\n",
       "      <td>0.018925</td>\n",
       "      <td>0.094086</td>\n",
       "      <td>-0.015700</td>\n",
       "      <td>0.018094</td>\n",
       "      <td>0.005555</td>\n",
       "      <td>0.008468</td>\n",
       "      <td>-0.008823</td>\n",
       "      <td>-0.057481</td>\n",
       "      <td>0.993138</td>\n",
       "      <td>0.996083</td>\n",
       "      <td>0.991423</td>\n",
       "      <td>-0.027177</td>\n",
       "      <td>-0.011774</td>\n",
       "      <td>0.022984</td>\n",
       "      <td>-0.025742</td>\n",
       "    </tr>\n",
       "    <tr>\n",
       "      <th>close</th>\n",
       "      <td>0.999324</td>\n",
       "      <td>0.999584</td>\n",
       "      <td>0.999570</td>\n",
       "      <td>1.000000</td>\n",
       "      <td>0.037227</td>\n",
       "      <td>0.111902</td>\n",
       "      <td>-0.022371</td>\n",
       "      <td>0.017932</td>\n",
       "      <td>0.010132</td>\n",
       "      <td>0.012865</td>\n",
       "      <td>-0.007389</td>\n",
       "      <td>-0.051435</td>\n",
       "      <td>0.993715</td>\n",
       "      <td>0.995921</td>\n",
       "      <td>0.990523</td>\n",
       "      <td>-0.026161</td>\n",
       "      <td>-0.011764</td>\n",
       "      <td>0.023175</td>\n",
       "      <td>-0.025747</td>\n",
       "    </tr>\n",
       "    <tr>\n",
       "      <th>volume</th>\n",
       "      <td>0.036823</td>\n",
       "      <td>0.056007</td>\n",
       "      <td>0.018925</td>\n",
       "      <td>0.037227</td>\n",
       "      <td>1.000000</td>\n",
       "      <td>0.993107</td>\n",
       "      <td>-0.003177</td>\n",
       "      <td>-0.076653</td>\n",
       "      <td>0.134860</td>\n",
       "      <td>0.130676</td>\n",
       "      <td>0.038444</td>\n",
       "      <td>0.090105</td>\n",
       "      <td>0.047461</td>\n",
       "      <td>0.023667</td>\n",
       "      <td>-0.000342</td>\n",
       "      <td>0.047630</td>\n",
       "      <td>-0.043340</td>\n",
       "      <td>-0.006850</td>\n",
       "      <td>0.048080</td>\n",
       "    </tr>\n",
       "    <tr>\n",
       "      <th>turnover</th>\n",
       "      <td>0.111600</td>\n",
       "      <td>0.130541</td>\n",
       "      <td>0.094086</td>\n",
       "      <td>0.111902</td>\n",
       "      <td>0.993107</td>\n",
       "      <td>1.000000</td>\n",
       "      <td>-0.005012</td>\n",
       "      <td>-0.071795</td>\n",
       "      <td>0.134968</td>\n",
       "      <td>0.130529</td>\n",
       "      <td>0.039325</td>\n",
       "      <td>0.087729</td>\n",
       "      <td>0.121408</td>\n",
       "      <td>0.098569</td>\n",
       "      <td>0.074943</td>\n",
       "      <td>0.046790</td>\n",
       "      <td>-0.042320</td>\n",
       "      <td>-0.005393</td>\n",
       "      <td>0.046512</td>\n",
       "    </tr>\n",
       "    <tr>\n",
       "      <th>class</th>\n",
       "      <td>-0.006377</td>\n",
       "      <td>-0.015594</td>\n",
       "      <td>-0.015700</td>\n",
       "      <td>-0.022371</td>\n",
       "      <td>-0.003177</td>\n",
       "      <td>-0.005012</td>\n",
       "      <td>1.000000</td>\n",
       "      <td>-0.023399</td>\n",
       "      <td>-0.055967</td>\n",
       "      <td>-0.017349</td>\n",
       "      <td>-0.140324</td>\n",
       "      <td>-0.275645</td>\n",
       "      <td>-0.002478</td>\n",
       "      <td>-0.001786</td>\n",
       "      <td>-0.001080</td>\n",
       "      <td>-0.122265</td>\n",
       "      <td>0.027347</td>\n",
       "      <td>-0.028357</td>\n",
       "      <td>0.059585</td>\n",
       "    </tr>\n",
       "    <tr>\n",
       "      <th>norm_revenue</th>\n",
       "      <td>0.014721</td>\n",
       "      <td>0.015985</td>\n",
       "      <td>0.018094</td>\n",
       "      <td>0.017932</td>\n",
       "      <td>-0.076653</td>\n",
       "      <td>-0.071795</td>\n",
       "      <td>-0.023399</td>\n",
       "      <td>1.000000</td>\n",
       "      <td>0.084037</td>\n",
       "      <td>0.054732</td>\n",
       "      <td>0.113987</td>\n",
       "      <td>0.155242</td>\n",
       "      <td>0.003820</td>\n",
       "      <td>0.006101</td>\n",
       "      <td>0.008338</td>\n",
       "      <td>0.072926</td>\n",
       "      <td>-0.029740</td>\n",
       "      <td>0.002422</td>\n",
       "      <td>0.014228</td>\n",
       "    </tr>\n",
       "    <tr>\n",
       "      <th>macd</th>\n",
       "      <td>0.007058</td>\n",
       "      <td>0.012877</td>\n",
       "      <td>0.005555</td>\n",
       "      <td>0.010132</td>\n",
       "      <td>0.134860</td>\n",
       "      <td>0.134968</td>\n",
       "      <td>-0.055967</td>\n",
       "      <td>0.084037</td>\n",
       "      <td>1.000000</td>\n",
       "      <td>0.959622</td>\n",
       "      <td>0.316609</td>\n",
       "      <td>0.758819</td>\n",
       "      <td>-0.031061</td>\n",
       "      <td>-0.058446</td>\n",
       "      <td>-0.085394</td>\n",
       "      <td>0.467546</td>\n",
       "      <td>-0.002749</td>\n",
       "      <td>-0.000594</td>\n",
       "      <td>0.002820</td>\n",
       "    </tr>\n",
       "    <tr>\n",
       "      <th>macdsignal</th>\n",
       "      <td>0.011684</td>\n",
       "      <td>0.016196</td>\n",
       "      <td>0.008468</td>\n",
       "      <td>0.012865</td>\n",
       "      <td>0.130676</td>\n",
       "      <td>0.130529</td>\n",
       "      <td>-0.017349</td>\n",
       "      <td>0.054732</td>\n",
       "      <td>0.959622</td>\n",
       "      <td>1.000000</td>\n",
       "      <td>0.037005</td>\n",
       "      <td>0.619933</td>\n",
       "      <td>-0.010079</td>\n",
       "      <td>-0.037681</td>\n",
       "      <td>-0.065007</td>\n",
       "      <td>0.330914</td>\n",
       "      <td>-0.001801</td>\n",
       "      <td>-0.001368</td>\n",
       "      <td>-0.008028</td>\n",
       "    </tr>\n",
       "    <tr>\n",
       "      <th>macdhist</th>\n",
       "      <td>-0.014324</td>\n",
       "      <td>-0.008870</td>\n",
       "      <td>-0.008823</td>\n",
       "      <td>-0.007389</td>\n",
       "      <td>0.038444</td>\n",
       "      <td>0.039325</td>\n",
       "      <td>-0.140324</td>\n",
       "      <td>0.113987</td>\n",
       "      <td>0.316609</td>\n",
       "      <td>0.037005</td>\n",
       "      <td>1.000000</td>\n",
       "      <td>0.605273</td>\n",
       "      <td>-0.076361</td>\n",
       "      <td>-0.080571</td>\n",
       "      <td>-0.084158</td>\n",
       "      <td>0.545111</td>\n",
       "      <td>-0.003694</td>\n",
       "      <td>0.002503</td>\n",
       "      <td>0.037091</td>\n",
       "    </tr>\n",
       "    <tr>\n",
       "      <th>rsi</th>\n",
       "      <td>-0.064987</td>\n",
       "      <td>-0.054179</td>\n",
       "      <td>-0.057481</td>\n",
       "      <td>-0.051435</td>\n",
       "      <td>0.090105</td>\n",
       "      <td>0.087729</td>\n",
       "      <td>-0.275645</td>\n",
       "      <td>0.155242</td>\n",
       "      <td>0.758819</td>\n",
       "      <td>0.619933</td>\n",
       "      <td>0.605273</td>\n",
       "      <td>1.000000</td>\n",
       "      <td>-0.112519</td>\n",
       "      <td>-0.125669</td>\n",
       "      <td>-0.137878</td>\n",
       "      <td>0.667561</td>\n",
       "      <td>-0.017705</td>\n",
       "      <td>0.015071</td>\n",
       "      <td>0.002157</td>\n",
       "    </tr>\n",
       "    <tr>\n",
       "      <th>upperband</th>\n",
       "      <td>0.994281</td>\n",
       "      <td>0.994168</td>\n",
       "      <td>0.993138</td>\n",
       "      <td>0.993715</td>\n",
       "      <td>0.047461</td>\n",
       "      <td>0.121408</td>\n",
       "      <td>-0.002478</td>\n",
       "      <td>0.003820</td>\n",
       "      <td>-0.031061</td>\n",
       "      <td>-0.010079</td>\n",
       "      <td>-0.076361</td>\n",
       "      <td>-0.112519</td>\n",
       "      <td>1.000000</td>\n",
       "      <td>0.996189</td>\n",
       "      <td>0.984764</td>\n",
       "      <td>-0.072399</td>\n",
       "      <td>-0.008169</td>\n",
       "      <td>0.021281</td>\n",
       "      <td>-0.028827</td>\n",
       "    </tr>\n",
       "    <tr>\n",
       "      <th>middleband</th>\n",
       "      <td>0.996530</td>\n",
       "      <td>0.995751</td>\n",
       "      <td>0.996083</td>\n",
       "      <td>0.995921</td>\n",
       "      <td>0.023667</td>\n",
       "      <td>0.098569</td>\n",
       "      <td>-0.001786</td>\n",
       "      <td>0.006101</td>\n",
       "      <td>-0.058446</td>\n",
       "      <td>-0.037681</td>\n",
       "      <td>-0.080571</td>\n",
       "      <td>-0.125669</td>\n",
       "      <td>0.996189</td>\n",
       "      <td>1.000000</td>\n",
       "      <td>0.996178</td>\n",
       "      <td>-0.078788</td>\n",
       "      <td>-0.010035</td>\n",
       "      <td>0.022516</td>\n",
       "      <td>-0.025992</td>\n",
       "    </tr>\n",
       "    <tr>\n",
       "      <th>lowerband</th>\n",
       "      <td>0.991171</td>\n",
       "      <td>0.989732</td>\n",
       "      <td>0.991423</td>\n",
       "      <td>0.990523</td>\n",
       "      <td>-0.000342</td>\n",
       "      <td>0.074943</td>\n",
       "      <td>-0.001080</td>\n",
       "      <td>0.008338</td>\n",
       "      <td>-0.085394</td>\n",
       "      <td>-0.065007</td>\n",
       "      <td>-0.084158</td>\n",
       "      <td>-0.137878</td>\n",
       "      <td>0.984764</td>\n",
       "      <td>0.996178</td>\n",
       "      <td>1.000000</td>\n",
       "      <td>-0.084585</td>\n",
       "      <td>-0.011828</td>\n",
       "      <td>0.023580</td>\n",
       "      <td>-0.022955</td>\n",
       "    </tr>\n",
       "    <tr>\n",
       "      <th>aroon_osc</th>\n",
       "      <td>-0.031202</td>\n",
       "      <td>-0.025829</td>\n",
       "      <td>-0.027177</td>\n",
       "      <td>-0.026161</td>\n",
       "      <td>0.047630</td>\n",
       "      <td>0.046790</td>\n",
       "      <td>-0.122265</td>\n",
       "      <td>0.072926</td>\n",
       "      <td>0.467546</td>\n",
       "      <td>0.330914</td>\n",
       "      <td>0.545111</td>\n",
       "      <td>0.667561</td>\n",
       "      <td>-0.072399</td>\n",
       "      <td>-0.078788</td>\n",
       "      <td>-0.084585</td>\n",
       "      <td>1.000000</td>\n",
       "      <td>0.002344</td>\n",
       "      <td>0.002919</td>\n",
       "      <td>0.024387</td>\n",
       "    </tr>\n",
       "    <tr>\n",
       "      <th>hammer</th>\n",
       "      <td>-0.011140</td>\n",
       "      <td>-0.014668</td>\n",
       "      <td>-0.011774</td>\n",
       "      <td>-0.011764</td>\n",
       "      <td>-0.043340</td>\n",
       "      <td>-0.042320</td>\n",
       "      <td>0.027347</td>\n",
       "      <td>-0.029740</td>\n",
       "      <td>-0.002749</td>\n",
       "      <td>-0.001801</td>\n",
       "      <td>-0.003694</td>\n",
       "      <td>-0.017705</td>\n",
       "      <td>-0.008169</td>\n",
       "      <td>-0.010035</td>\n",
       "      <td>-0.011828</td>\n",
       "      <td>0.002344</td>\n",
       "      <td>1.000000</td>\n",
       "      <td>-0.005404</td>\n",
       "      <td>-0.096316</td>\n",
       "    </tr>\n",
       "    <tr>\n",
       "      <th>three_white_soldiers</th>\n",
       "      <td>0.022488</td>\n",
       "      <td>0.022590</td>\n",
       "      <td>0.022984</td>\n",
       "      <td>0.023175</td>\n",
       "      <td>-0.006850</td>\n",
       "      <td>-0.005393</td>\n",
       "      <td>-0.028357</td>\n",
       "      <td>0.002422</td>\n",
       "      <td>-0.000594</td>\n",
       "      <td>-0.001368</td>\n",
       "      <td>0.002503</td>\n",
       "      <td>0.015071</td>\n",
       "      <td>0.021281</td>\n",
       "      <td>0.022516</td>\n",
       "      <td>0.023580</td>\n",
       "      <td>0.002919</td>\n",
       "      <td>-0.005404</td>\n",
       "      <td>1.000000</td>\n",
       "      <td>0.003581</td>\n",
       "    </tr>\n",
       "    <tr>\n",
       "      <th>hanging_man</th>\n",
       "      <td>-0.025117</td>\n",
       "      <td>-0.023211</td>\n",
       "      <td>-0.025742</td>\n",
       "      <td>-0.025747</td>\n",
       "      <td>0.048080</td>\n",
       "      <td>0.046512</td>\n",
       "      <td>0.059585</td>\n",
       "      <td>0.014228</td>\n",
       "      <td>0.002820</td>\n",
       "      <td>-0.008028</td>\n",
       "      <td>0.037091</td>\n",
       "      <td>0.002157</td>\n",
       "      <td>-0.028827</td>\n",
       "      <td>-0.025992</td>\n",
       "      <td>-0.022955</td>\n",
       "      <td>0.024387</td>\n",
       "      <td>-0.096316</td>\n",
       "      <td>0.003581</td>\n",
       "      <td>1.000000</td>\n",
       "    </tr>\n",
       "  </tbody>\n",
       "</table>\n",
       "</div>"
      ],
      "text/plain": [
       "                          open      high       low     close    volume  \\\n",
       "open                  1.000000  0.999500  0.999429  0.999324  0.036823   \n",
       "high                  0.999500  1.000000  0.999000  0.999584  0.056007   \n",
       "low                   0.999429  0.999000  1.000000  0.999570  0.018925   \n",
       "close                 0.999324  0.999584  0.999570  1.000000  0.037227   \n",
       "volume                0.036823  0.056007  0.018925  0.037227  1.000000   \n",
       "turnover              0.111600  0.130541  0.094086  0.111902  0.993107   \n",
       "class                -0.006377 -0.015594 -0.015700 -0.022371 -0.003177   \n",
       "norm_revenue          0.014721  0.015985  0.018094  0.017932 -0.076653   \n",
       "macd                  0.007058  0.012877  0.005555  0.010132  0.134860   \n",
       "macdsignal            0.011684  0.016196  0.008468  0.012865  0.130676   \n",
       "macdhist             -0.014324 -0.008870 -0.008823 -0.007389  0.038444   \n",
       "rsi                  -0.064987 -0.054179 -0.057481 -0.051435  0.090105   \n",
       "upperband             0.994281  0.994168  0.993138  0.993715  0.047461   \n",
       "middleband            0.996530  0.995751  0.996083  0.995921  0.023667   \n",
       "lowerband             0.991171  0.989732  0.991423  0.990523 -0.000342   \n",
       "aroon_osc            -0.031202 -0.025829 -0.027177 -0.026161  0.047630   \n",
       "hammer               -0.011140 -0.014668 -0.011774 -0.011764 -0.043340   \n",
       "three_white_soldiers  0.022488  0.022590  0.022984  0.023175 -0.006850   \n",
       "hanging_man          -0.025117 -0.023211 -0.025742 -0.025747  0.048080   \n",
       "\n",
       "                      turnover     class  norm_revenue      macd  macdsignal  \\\n",
       "open                  0.111600 -0.006377      0.014721  0.007058    0.011684   \n",
       "high                  0.130541 -0.015594      0.015985  0.012877    0.016196   \n",
       "low                   0.094086 -0.015700      0.018094  0.005555    0.008468   \n",
       "close                 0.111902 -0.022371      0.017932  0.010132    0.012865   \n",
       "volume                0.993107 -0.003177     -0.076653  0.134860    0.130676   \n",
       "turnover              1.000000 -0.005012     -0.071795  0.134968    0.130529   \n",
       "class                -0.005012  1.000000     -0.023399 -0.055967   -0.017349   \n",
       "norm_revenue         -0.071795 -0.023399      1.000000  0.084037    0.054732   \n",
       "macd                  0.134968 -0.055967      0.084037  1.000000    0.959622   \n",
       "macdsignal            0.130529 -0.017349      0.054732  0.959622    1.000000   \n",
       "macdhist              0.039325 -0.140324      0.113987  0.316609    0.037005   \n",
       "rsi                   0.087729 -0.275645      0.155242  0.758819    0.619933   \n",
       "upperband             0.121408 -0.002478      0.003820 -0.031061   -0.010079   \n",
       "middleband            0.098569 -0.001786      0.006101 -0.058446   -0.037681   \n",
       "lowerband             0.074943 -0.001080      0.008338 -0.085394   -0.065007   \n",
       "aroon_osc             0.046790 -0.122265      0.072926  0.467546    0.330914   \n",
       "hammer               -0.042320  0.027347     -0.029740 -0.002749   -0.001801   \n",
       "three_white_soldiers -0.005393 -0.028357      0.002422 -0.000594   -0.001368   \n",
       "hanging_man           0.046512  0.059585      0.014228  0.002820   -0.008028   \n",
       "\n",
       "                      macdhist       rsi  upperband  middleband  lowerband  \\\n",
       "open                 -0.014324 -0.064987   0.994281    0.996530   0.991171   \n",
       "high                 -0.008870 -0.054179   0.994168    0.995751   0.989732   \n",
       "low                  -0.008823 -0.057481   0.993138    0.996083   0.991423   \n",
       "close                -0.007389 -0.051435   0.993715    0.995921   0.990523   \n",
       "volume                0.038444  0.090105   0.047461    0.023667  -0.000342   \n",
       "turnover              0.039325  0.087729   0.121408    0.098569   0.074943   \n",
       "class                -0.140324 -0.275645  -0.002478   -0.001786  -0.001080   \n",
       "norm_revenue          0.113987  0.155242   0.003820    0.006101   0.008338   \n",
       "macd                  0.316609  0.758819  -0.031061   -0.058446  -0.085394   \n",
       "macdsignal            0.037005  0.619933  -0.010079   -0.037681  -0.065007   \n",
       "macdhist              1.000000  0.605273  -0.076361   -0.080571  -0.084158   \n",
       "rsi                   0.605273  1.000000  -0.112519   -0.125669  -0.137878   \n",
       "upperband            -0.076361 -0.112519   1.000000    0.996189   0.984764   \n",
       "middleband           -0.080571 -0.125669   0.996189    1.000000   0.996178   \n",
       "lowerband            -0.084158 -0.137878   0.984764    0.996178   1.000000   \n",
       "aroon_osc             0.545111  0.667561  -0.072399   -0.078788  -0.084585   \n",
       "hammer               -0.003694 -0.017705  -0.008169   -0.010035  -0.011828   \n",
       "three_white_soldiers  0.002503  0.015071   0.021281    0.022516   0.023580   \n",
       "hanging_man           0.037091  0.002157  -0.028827   -0.025992  -0.022955   \n",
       "\n",
       "                      aroon_osc    hammer  three_white_soldiers  hanging_man  \n",
       "open                  -0.031202 -0.011140              0.022488    -0.025117  \n",
       "high                  -0.025829 -0.014668              0.022590    -0.023211  \n",
       "low                   -0.027177 -0.011774              0.022984    -0.025742  \n",
       "close                 -0.026161 -0.011764              0.023175    -0.025747  \n",
       "volume                 0.047630 -0.043340             -0.006850     0.048080  \n",
       "turnover               0.046790 -0.042320             -0.005393     0.046512  \n",
       "class                 -0.122265  0.027347             -0.028357     0.059585  \n",
       "norm_revenue           0.072926 -0.029740              0.002422     0.014228  \n",
       "macd                   0.467546 -0.002749             -0.000594     0.002820  \n",
       "macdsignal             0.330914 -0.001801             -0.001368    -0.008028  \n",
       "macdhist               0.545111 -0.003694              0.002503     0.037091  \n",
       "rsi                    0.667561 -0.017705              0.015071     0.002157  \n",
       "upperband             -0.072399 -0.008169              0.021281    -0.028827  \n",
       "middleband            -0.078788 -0.010035              0.022516    -0.025992  \n",
       "lowerband             -0.084585 -0.011828              0.023580    -0.022955  \n",
       "aroon_osc              1.000000  0.002344              0.002919     0.024387  \n",
       "hammer                 0.002344  1.000000             -0.005404    -0.096316  \n",
       "three_white_soldiers   0.002919 -0.005404              1.000000     0.003581  \n",
       "hanging_man            0.024387 -0.096316              0.003581     1.000000  "
      ]
     },
     "execution_count": 275,
     "metadata": {},
     "output_type": "execute_result"
    }
   ],
   "source": [
    "data.corr(numeric_only=True)"
   ]
  },
  {
   "cell_type": "code",
   "execution_count": 217,
   "metadata": {},
   "outputs": [],
   "source": [
    "ind = calculate_ta_indicators(data)"
   ]
  },
  {
   "cell_type": "code",
   "execution_count": 55,
   "metadata": {},
   "outputs": [],
   "source": [
    "data['time'] = pd.to_datetime(data['time'])"
   ]
  },
  {
   "cell_type": "code",
   "execution_count": 312,
   "metadata": {},
   "outputs": [],
   "source": [
    "data = data.dropna()\n",
    "data = data.drop(columns=['hammer','three_white_soldiers','hanging_man'])"
   ]
  },
  {
   "cell_type": "code",
   "execution_count": 388,
   "metadata": {},
   "outputs": [],
   "source": [
    "# x = data[['time','close','high','low','norm_revenue']]\n",
    "# y = n_rev\n",
    "x_train,x_test,y_train,y_test = train_test_split(data.drop(columns=['norm_revenue','time','date','class']),data['norm_revenue'].values,test_size=0.3,shuffle=True)"
   ]
  },
  {
   "cell_type": "code",
   "execution_count": 398,
   "metadata": {},
   "outputs": [],
   "source": [
    "import lightgbm as lgb\n",
    "# x = data[['time','close','high','low','class','norm_revenue']]\n",
    "# data = data.drop(columns='date')\n",
    "# x_train,x_test,y_train,y_test = train_test_split(data.drop(columns=['norm_revenue','open']),data['norm_revenue'].values,test_size=0.3,shuffle=True)\n",
    "# train_data = Pool(x_train,label=y_train)\n",
    "# val_data = Pool(x_test, label=y_test)\n",
    "train_data_bench = lgb.Dataset(x_train,label=y_train)\n",
    "val_data_bench = lgb.Dataset(x_test, label=y_test)"
   ]
  },
  {
   "cell_type": "code",
   "execution_count": 399,
   "metadata": {},
   "outputs": [
    {
     "name": "stderr",
     "output_type": "stream",
     "text": [
      "/home/sch/miniconda3/envs/first/lib/python3.11/site-packages/lightgbm/engine.py:172: UserWarning: Found `num_iterations` in params. Will use it instead of argument\n",
      "  _log_warning(f\"Found `{alias}` in params. Will use it instead of argument\")\n",
      "/home/sch/miniconda3/envs/first/lib/python3.11/site-packages/lightgbm/engine.py:172: UserWarning: Found `num_trees` in params. Will use it instead of argument\n",
      "  _log_warning(f\"Found `{alias}` in params. Will use it instead of argument\")\n"
     ]
    },
    {
     "name": "stdout",
     "output_type": "stream",
     "text": [
      "[LightGBM] [Debug] Dataset::GetMultiBinFromAllFeatures: sparse rate 0.002215\n",
      "[LightGBM] [Debug] init for col-wise cost 0.000003 seconds, init for row-wise cost 0.000197 seconds\n",
      "[LightGBM] [Info] Auto-choosing col-wise multi-threading, the overhead of testing was 0.000398 seconds.\n",
      "You can set `force_col_wise=true` to remove the overhead.\n",
      "[LightGBM] [Info] Total Bins 6867\n",
      "[LightGBM] [Info] Number of data points in the train set: 4869, number of used features: 14\n",
      "[LightGBM] [Info] Start training from score -0.944796\n",
      "[LightGBM] [Debug] Trained a tree with leaves = 60 and depth = 14\n",
      "[LightGBM] [Debug] Trained a tree with leaves = 60 and depth = 14\n",
      "[LightGBM] [Debug] Trained a tree with leaves = 60 and depth = 14\n",
      "[LightGBM] [Debug] Trained a tree with leaves = 60 and depth = 14\n",
      "[LightGBM] [Debug] Trained a tree with leaves = 60 and depth = 14\n",
      "[LightGBM] [Debug] Trained a tree with leaves = 60 and depth = 14\n",
      "[LightGBM] [Debug] Trained a tree with leaves = 60 and depth = 14\n",
      "[LightGBM] [Debug] Trained a tree with leaves = 60 and depth = 14\n",
      "[LightGBM] [Debug] Trained a tree with leaves = 60 and depth = 14\n",
      "[LightGBM] [Debug] Trained a tree with leaves = 60 and depth = 14\n",
      "[LightGBM] [Debug] Trained a tree with leaves = 60 and depth = 14\n",
      "[LightGBM] [Debug] Trained a tree with leaves = 60 and depth = 14\n",
      "[LightGBM] [Debug] Trained a tree with leaves = 60 and depth = 14\n",
      "[LightGBM] [Debug] Trained a tree with leaves = 60 and depth = 14\n",
      "[LightGBM] [Debug] Trained a tree with leaves = 60 and depth = 14\n",
      "[LightGBM] [Debug] Trained a tree with leaves = 60 and depth = 14\n",
      "[LightGBM] [Debug] Trained a tree with leaves = 60 and depth = 14\n",
      "[LightGBM] [Debug] Trained a tree with leaves = 60 and depth = 14\n",
      "[LightGBM] [Debug] Trained a tree with leaves = 60 and depth = 14\n",
      "[LightGBM] [Debug] Trained a tree with leaves = 60 and depth = 14\n",
      "[LightGBM] [Debug] Trained a tree with leaves = 60 and depth = 14\n",
      "[LightGBM] [Debug] Trained a tree with leaves = 60 and depth = 14\n",
      "[LightGBM] [Debug] Trained a tree with leaves = 60 and depth = 14\n",
      "[LightGBM] [Debug] Trained a tree with leaves = 60 and depth = 14\n",
      "[LightGBM] [Debug] Trained a tree with leaves = 60 and depth = 14\n",
      "[LightGBM] [Debug] Trained a tree with leaves = 60 and depth = 14\n",
      "[LightGBM] [Debug] Trained a tree with leaves = 60 and depth = 14\n",
      "[LightGBM] [Debug] Trained a tree with leaves = 60 and depth = 14\n",
      "[LightGBM] [Debug] Trained a tree with leaves = 60 and depth = 14\n",
      "[LightGBM] [Debug] Trained a tree with leaves = 60 and depth = 14\n",
      "[LightGBM] [Debug] Trained a tree with leaves = 60 and depth = 14\n",
      "[LightGBM] [Debug] Trained a tree with leaves = 60 and depth = 14\n",
      "[LightGBM] [Debug] Trained a tree with leaves = 60 and depth = 14\n",
      "[LightGBM] [Debug] Trained a tree with leaves = 60 and depth = 14\n",
      "[LightGBM] [Debug] Trained a tree with leaves = 60 and depth = 14\n",
      "[LightGBM] [Debug] Trained a tree with leaves = 60 and depth = 14\n",
      "[LightGBM] [Debug] Trained a tree with leaves = 60 and depth = 14\n",
      "[LightGBM] [Debug] Trained a tree with leaves = 60 and depth = 14\n",
      "[LightGBM] [Debug] Trained a tree with leaves = 60 and depth = 14\n",
      "[LightGBM] [Debug] Trained a tree with leaves = 60 and depth = 14\n",
      "[LightGBM] [Debug] Trained a tree with leaves = 60 and depth = 14\n",
      "[LightGBM] [Debug] Trained a tree with leaves = 60 and depth = 14\n",
      "[LightGBM] [Debug] Trained a tree with leaves = 60 and depth = 14\n",
      "[LightGBM] [Debug] Trained a tree with leaves = 60 and depth = 14\n",
      "[LightGBM] [Debug] Trained a tree with leaves = 60 and depth = 14\n",
      "[LightGBM] [Debug] Trained a tree with leaves = 60 and depth = 14\n",
      "[LightGBM] [Debug] Trained a tree with leaves = 60 and depth = 14\n",
      "[LightGBM] [Debug] Trained a tree with leaves = 60 and depth = 14\n",
      "[LightGBM] [Debug] Trained a tree with leaves = 60 and depth = 14\n",
      "[LightGBM] [Debug] Trained a tree with leaves = 60 and depth = 14\n",
      "[LightGBM] [Debug] Trained a tree with leaves = 60 and depth = 14\n",
      "[LightGBM] [Debug] Trained a tree with leaves = 60 and depth = 14\n",
      "[LightGBM] [Debug] Trained a tree with leaves = 60 and depth = 14\n",
      "[LightGBM] [Debug] Trained a tree with leaves = 60 and depth = 15\n",
      "[LightGBM] [Debug] Trained a tree with leaves = 60 and depth = 15\n",
      "[LightGBM] [Debug] Trained a tree with leaves = 60 and depth = 15\n",
      "[LightGBM] [Debug] Trained a tree with leaves = 60 and depth = 15\n",
      "[LightGBM] [Debug] Trained a tree with leaves = 60 and depth = 15\n",
      "[LightGBM] [Debug] Trained a tree with leaves = 60 and depth = 15\n",
      "[LightGBM] [Debug] Trained a tree with leaves = 60 and depth = 15\n",
      "[LightGBM] [Debug] Trained a tree with leaves = 60 and depth = 15\n",
      "[LightGBM] [Debug] Trained a tree with leaves = 60 and depth = 15\n",
      "[LightGBM] [Debug] Trained a tree with leaves = 60 and depth = 15\n",
      "[LightGBM] [Debug] Trained a tree with leaves = 60 and depth = 15\n",
      "[LightGBM] [Debug] Trained a tree with leaves = 60 and depth = 16\n",
      "[LightGBM] [Debug] Trained a tree with leaves = 60 and depth = 16\n",
      "[LightGBM] [Debug] Trained a tree with leaves = 60 and depth = 16\n",
      "[LightGBM] [Debug] Trained a tree with leaves = 60 and depth = 16\n",
      "[LightGBM] [Debug] Trained a tree with leaves = 60 and depth = 16\n",
      "[LightGBM] [Debug] Trained a tree with leaves = 60 and depth = 16\n",
      "[LightGBM] [Debug] Trained a tree with leaves = 60 and depth = 16\n",
      "[LightGBM] [Debug] Trained a tree with leaves = 60 and depth = 16\n",
      "[LightGBM] [Debug] Trained a tree with leaves = 60 and depth = 16\n",
      "[LightGBM] [Debug] Trained a tree with leaves = 60 and depth = 16\n",
      "[LightGBM] [Debug] Trained a tree with leaves = 60 and depth = 16\n",
      "[LightGBM] [Debug] Trained a tree with leaves = 60 and depth = 16\n",
      "[LightGBM] [Debug] Trained a tree with leaves = 60 and depth = 16\n",
      "[LightGBM] [Debug] Trained a tree with leaves = 60 and depth = 16\n",
      "[LightGBM] [Debug] Trained a tree with leaves = 60 and depth = 16\n",
      "[LightGBM] [Debug] Trained a tree with leaves = 60 and depth = 16\n",
      "[LightGBM] [Debug] Trained a tree with leaves = 60 and depth = 16\n",
      "[LightGBM] [Debug] Trained a tree with leaves = 60 and depth = 16\n",
      "[LightGBM] [Debug] Trained a tree with leaves = 60 and depth = 16\n",
      "[LightGBM] [Debug] Trained a tree with leaves = 60 and depth = 14\n",
      "[LightGBM] [Debug] Trained a tree with leaves = 60 and depth = 16\n",
      "[LightGBM] [Debug] Trained a tree with leaves = 60 and depth = 14\n",
      "[LightGBM] [Debug] Trained a tree with leaves = 60 and depth = 14\n",
      "[LightGBM] [Debug] Trained a tree with leaves = 60 and depth = 16\n",
      "[LightGBM] [Debug] Trained a tree with leaves = 60 and depth = 14\n",
      "[LightGBM] [Debug] Trained a tree with leaves = 60 and depth = 14\n",
      "[LightGBM] [Debug] Trained a tree with leaves = 60 and depth = 16\n",
      "[LightGBM] [Debug] Trained a tree with leaves = 60 and depth = 14\n",
      "[LightGBM] [Debug] Trained a tree with leaves = 60 and depth = 16\n",
      "[LightGBM] [Debug] Trained a tree with leaves = 60 and depth = 14\n",
      "[LightGBM] [Debug] Trained a tree with leaves = 60 and depth = 14\n",
      "[LightGBM] [Debug] Trained a tree with leaves = 60 and depth = 16\n",
      "[LightGBM] [Debug] Trained a tree with leaves = 60 and depth = 14\n",
      "[LightGBM] [Debug] Trained a tree with leaves = 60 and depth = 14\n",
      "[LightGBM] [Debug] Trained a tree with leaves = 60 and depth = 16\n",
      "[LightGBM] [Debug] Trained a tree with leaves = 60 and depth = 15\n",
      "[LightGBM] [Debug] Trained a tree with leaves = 60 and depth = 16\n",
      "[LightGBM] [Debug] Trained a tree with leaves = 60 and depth = 15\n",
      "[LightGBM] [Debug] Trained a tree with leaves = 60 and depth = 15\n",
      "[LightGBM] [Debug] Trained a tree with leaves = 60 and depth = 14\n",
      "[LightGBM] [Debug] Trained a tree with leaves = 60 and depth = 15\n",
